714
689
86
204
716
536
195
802
858
762
915
871
212
294
753
192
606
832
349
35
827
956
588
725
652
405
121
915
130
356
777
543
84
722
480
805
401
470
835
549
244
232
0
10
895
914
757
88
760
780
573
790
187
113
261
305
857
635
983
759
611
911
204
994
659
871
131
311
28
388
291
826
561
638
160
721
113
342
854
959
372
415
737
465
77
412
930
227
484
913
519
116
613
285
992
58
884
532
841
580
665
538
505
199
168
994
830
836
197
926
327
5
668
54
931
719
749
376
404
423
603
487
840
23
463
902
410
90
234
499
85
393
129
847
765
712
720
584
441
402
425
190
193
994
5
636
980
287
685
636
484
794
986
449
586
548
483
186
342
105
894
965
428
643
999
893
646
952
329
151
171
875
464
851
878
559
668
575
623
760
735
755
308
141
541
486
265
739
225
176
599
201
789
555
440
985
860
510
133
565
471
822
861
727
24
773
957
543
235
170
75
53
837
638
553
16
639
264
96
814
75
31
614
731
796
163
508
169
75
652
900
598
636
44
365
926
865
202
973
953
556
742
870
417
703
437
275
201
974
914
611
239
677
315
588
691
379
780
5
644
790
807
388
334
799
418
871
149
494
794
585
467
138
410
311
440
56
460
44
705
499
315
183
118
171
932
96
914
921
816
559
954
584
460
627
372
182
245
246
59
224
302
8
360
199
483
230
772
240
864
880
171
438
591
361
805
42
758
994
350
942
580
435
452
538
178
947
758
269
214
517
443
113
709
373
750
241
59
872
587
239
819
430
273
145
6
169
763
586
408
491
182
632
648
290
590
565
338
314
769
712
290
786
254
40
587
248
168
977
425
744
831
374
740
617
254
600
406
620
14
700
196
736
565
16
577
360
657
583
774
130
47
715
230
606
182
525
784
335
890
85
977
906
901
503
296
605
755
43
87
148
223
403
838
306
271
872
176
364
145
653
25
981
994
203
681
122
219
687
531
962
637
195
949
988
604
262
564
468
134
13
722
313
774
574
643
35
123
833
61
440
388
223
838
616
255
275
440
682
668
510
624
820
689
459
443
768
393
677
831
849
716
306
132
926
995
798
644
982
164
972
887
214
873
216
855
935
924
293
144
645
274
699
38
751
275
7
339
664
948
805
88
164
178
63
202
947
649
836
382
412
807
447
593
453
945
131
716
510
42
887
398
374
501
219
89
582
576
547
389
513
839
443
985
954
807
866
525
183
482
529
898
367
913
933
443
154
52
304
670
191
302
711
286
978
548
806
717
733
482
757
211
359
755
459
906
903
18
898
850
594
874
249
470
57
977
338
190
448
94
164
594
331
367
608
695
190
789
748
778
826
803
355
413
309
477
988
905
671
70
355
298
907
618
617
152
746
374
757
801
145
766
992
986
947
967
598
861
941
628
623
333
596
737
89
754
844
401
752
887
961
369
291
972
199
622
446
223
821
886
966
747
817
656
846
859
437
331
397
588
490
998
386
185
462
821
118
228
284
423
315
259
769
797
4
685
248
806
582
675
473
303
240
701
556
52
897
326
33
829
950
40
499
90
532
966
230
286
902
332
651
319
982
593
457
743
930
853
83
494
213
325
569
784
339
281
928
939
99
761
812
756
921
407
274
918
133
842
142
507
735
688
624
856
726
301
107
548
940
502
166
507
452
870
7
704
689
602
590
712
445
577
947
783
400
905
434
891
879
578
355
58
72
61
640
662
231
220
238
987
56
178
907
365
11
281
467
468
802
375
918
891
893
907
32
158
828
596
451
166
219
201
274
502
934
579
75
270
784
812
520
413
95
881
492
970
964
224
267
727
418
348
861
513
611
764
35
813
625
483
98
455
808
535
434
835
747
347
28
335
62
937
647
484
10
509
117
888
292
665
728
34
346
252
118
281
142
751
414
331
689
447
993
420
138
385
7
34
82
907
116
467
193
771
254
510
517
687
557
6
835
604
882
834
693
505
200
175
499
763
165
371
356
702
558
942
501
130
795
189
89
476
955
447
171
861
100
661
571
117
771
834
922
152
960
871
665
521
273
268
14
470
249
320
590
407
11
242
141
526
697
280
75
8
803
923
269
158
776
664
767
978
191
131
923
986
963
231
280
545
546
13
759
528
488
664
860
75
416
431
216
193
224
166
373
500
313
779
924
613
514
607
324
131
201
981
305
851
666
263
641
189
11
596
747
725
806
633
210
832
621
100
164
685
814
46
942
100
628
403
825
519
430
534
892
512
171
862
614
980
315
685
336
721
595
664
558
974
753
41
